95
146
120
221
136
137
105
30
123
144
45
109
72
233
203
150
240
84
145
222
46
36
268
94
104
165
181
141
54
82
177
146
77
122
63
204
178
219
124
147
264
33
57
206
193
241
44
243
120
204
219
29
111
103
122
90
249
120
206
230
183
150
177
89
158
239
51
106
247
29
210
97
25
268
124
103
21
188
208
269
162
204
208
47
29
264
127
190
215
65
56
146
119
49
239
104
68
158
92
216
18
122
184
193
17
188
160
126
189
208
38
2
8
251
136
201
11
72
252
176
262
6
260
184
127
18
146
64
113
219
97
51
151
177
106
108
59
50
187
27
61
86
207
66
131
261
113
97
243
142
164
249
19
